3.6329549490000004E8 8.290353435063621E-4 -0.0020306303955300252
3.6244639388901323E8 9637326.99478344 -2.3605566735550284E7
3.5990371024438614E8 1.9229627991602007E7 -4.710084726825928E7
3.5568125679466367E8 2.8732190625199016E7 -7.03763236039215E7
3.498019047362445E8 3.8100925282570474E7 -9.332400311110777E7
3.42297361630551E8 4.72926652914165E7 -1.158381537995807E8
3.332078670276968E8 5.626545404099613E7 -1.378160075910776E8
3.225818118510462E8 6.497881525976871E7 -1.5915842233450446E8
3.104752890511445E8 7.339400312110959E7 -1.7977049441222882E8
2.9695158414743394E8 8.147422938356078E7 -1.9956211509500545E8
2.8208061508845305E8 8.91848653621234E7 -2.1844846524832258E8
2.659383313735047E8 9.649361713989745E7 -2.363504444939374E8
2.4860608263865536E8 1.0337067302868618E8 -2.5319503239832023E8
2.3016996674992663E8 1.0978882293232125E8 -2.689155808399193E8
2.1072016727327532E8 1.1572354976414363E8 -2.8345203792617095E8
1.9035028944387352E8 1.2115309366424832E8 -2.967511052865393E8
1.6915670321070868E8 1.2605849013692851E8 -3.0876633148596823E8
1.4723790093322495E8 1.3042358365507393E8 -3.1945814534735054E8
1.2469387633589579E8 1.3423501856869048E8 -3.287938336829525E8
1.0162553034607342E8 1.3748220936791143E8 -3.3674746845694804E8
7.813410834355071E7 1.4015729251384977E8 -3.4329978880041814E8
5.432067230754604E7 1.422550621298798E8 -3.4843804349425703E8
3.0285610389456484E7 1.4377289185998964E8 -3.521557995698477E8
6128185.471701988 1.4471064517048517E8 -3.544527226030049E8
-1.805387656036198E7 1.4507057628550026E8 -3.5533433406646246E8
-4.216475877690667E7 1.4485722382751766E8 -3.548117508140908E8
-6.611088614253084E7 1.4407729909226334E8 -3.529014114226063E8
-8.980122054222433E7 1.4273957071476588E8 -3.496247936938368E8
-1.131475195912819E8 1.4085474730733126E8 -3.450081271894204E8
-1.360645611682435E8 1.384353594656627E8 -3.390821042178434E8
-1.584703359718229E8 1.3549564234748578E8 -3.31881592223768E8
-1.8028621042743716E8 1.3205141986022863E8 -3.2344535011856186E8
-2.0143706258275193E8 1.2811999129893337E8 -3.1381575061239827E8
-2.2185139346920812E8 1.2372002113453972E8 -3.030385102628445E8
-2.414614165380322E8 1.1887143248674887E8 -2.9116242854842186E8
-2.6020312771855134E8 1.1359530467118058E8 -2.7823913692169744E8
-2.780163584760018E8 1.0791377510654438E8 -2.643228585417466E8
-2.948448142470947E8 1.0184994573184134E8 -2.4947017905343795E8
-3.10636100423498E8 9.542779400410959E7 -2.3373982858625343E8
-3.253417379777691E8 8.867208844015405E7 -2.1719247488309476E8
-3.3891717060427094E8 8.16083086151718E7 -1.9989052734576324E8
-3.5132176514006704E8 7.426256945299324E7 -1.8189795159227782E8
-3.6251880687665623E8 6.666154957995352E7 -1.632800939676061E8
-3.724754911491688E8 5.883242350965752E7 -1.4410351543774563E8
-3.811629125525251E8 5.080279731469322E7 -1.2443583402469924E8
-3.8855605283176243E8 4.260064750999402E7 -1.0434557510802975E8
-3.9463376848457736E8 3.425426275572362E7 -8.390202863252315E7
-3.993787788966042E8 2.5792188006775927E7 -6.3175112308564976E7
-4.0277765568346E8 1.7243170755706284E7 -4.223523994014486E7
-4.048208138396539E8 8636108.91826229 -2.1153193776227407E7
-4.0550250509999996E8 -8.289941268389908E-4 0.00203052943986122
-4.048208138396539E8 -8636108.91826229 2.1153193776227407E7
-4.0277765568346E8 -1.7243170755706284E7 4.223523994014486E7
-3.993787788966042E8 -2.5792188006775863E7 6.317511230856482E7
-3.946337684845774E8 -3.425426275572355E7 8.390202863252299E7
-3.8855605283176243E8 -4.260064750999402E7 1.0434557510802975E8
-3.811629125525251E8 -5.080279731469322E7 1.2443583402469924E8
-3.724754911491688E8 -5.883242350965752E7 1.4410351543774563E8
-3.6251880687665623E8 -6.666154957995352E7 1.632800939676061E8
-3.5132176514006704E8 -7.426256945299324E7 1.8189795159227782E8
-3.3891717060427094E8 -8.16083086151718E7 1.9989052734576324E8
-3.253417379777691E8 -8.867208844015405E7 2.1719247488309476E8
-3.10636100423498E8 -9.542779400410959E7 2.3373982858625343E8
-2.948448142470947E8 -1.0184994573184134E8 2.4947017905343795E8
-2.78016358476002E8 -1.0791377510654438E8 2.6432285854174653E8
-2.6020312771855104E8 -1.1359530467118065E8 2.782391369216976E8
-2.414614165380325E8 -1.1887143248674878E8 2.911624285484217E8
-2.2185139346920753E8 -1.2372002113453986E8 3.0303851026284474E8
-2.0143706258275238E8 -1.2811999129893328E8 3.138157506123981E8
-1.8028621042743748E8 -1.3205141986022858E8 3.2344535011856174E8
-1.5847033597182328E8 -1.3549564234748572E8 3.318815922237678E8
-1.3606456116824377E8 -1.3843535946566266E8 3.3908210421784335E8
-1.1314751959128216E8 -1.4085474730733123E8 3.4500812718942034E8
-8.980122054222426E7 -1.4273957071476588E8 3.4962479369383687E8
-6.611088614253145E7 -1.440772990922633E8 3.529014114226062E8
-4.21647587769065E7 -1.4485722382751766E8 3.5481175081409085E8
-1.8053876560362406E7 -1.4507057628550026E8 3.553343340664624E8
6128185.471701903 -1.4471064517048517E8 3.544527226030049E8
3.0285610389456145E7 -1.4377289185998964E8 3.5215579956984776E8
5.432067230754563E7 -1.4225506212987983E8 3.4843804349425715E8
7.813410834355097E7 -1.4015729251384974E8 3.43299788800418E8
1.0162553034607333E8 -1.3748220936791143E8 3.3674746845694804E8
1.2469387633589587E8 -1.3423501856869045E8 3.2879383368295246E8
1.4723790093322426E8 -1.3042358365507403E8 3.194581453473508E8
1.6915670321070883E8 -1.2605849013692848E8 3.087663314859682E8
1.9035028944387373E8 -1.2115309366424827E8 2.967511052865392E8
2.1072016727327448E8 -1.1572354976414384E8 2.8345203792617154E8
2.301699667499264E8 -1.0978882293232131E8 2.6891558083991945E8
2.486060826386551E8 -1.0337067302868626E8 2.531950323983205E8
2.659383313735043E8 -9.649361713989758E7 2.363504444939378E8
2.8208061508845323E8 -8.918486536212331E7 2.1844846524832234E8
2.96951584147434E8 -8.147422938356073E7 1.9956211509500536E8
3.104752890511442E8 -7.339400312110975E7 1.7977049441222924E8
3.225818118510461E8 -6.49788152597688E7 1.591584223345047E8
3.332078670276967E8 -5.6265454040996194E7 1.3781600759107774E8
3.422973616305508E8 -4.729266529141669E7 1.1583815379958116E8
3.498019047362443E8 -3.810092528257073E7 9.332400311110836E7
3.5568125679466367E8 -2.8732190625199072E7 7.037632360392164E7
3.599037102443862E8 -1.9229627991601776E7 4.710084726825871E7
3.6244639388901323E8 -9637326.994783493 2.3605566735550415E7
3.6329549490000004E8 -8.290732276416084E-4 0.0020307231885299164
